label: litepipe
pattern: litepipe.app/Contents/MacOS
duration_s: 300
host: MacBookPro16,1 / macOS 26.5.2
started: 2026-07-25T00:05:48Z

== samples (5s): epoch procs rss_mb cpu_pct ==
1784937948 1 380 0.3
1784937953 1 380 0.5
1784937958 1 380 1.2
1784937963 1 380 1.1
1784937968 1 380 0.2
1784937974 1 380 0.1
1784937979 1 380 0.1
1784937984 1 380 0.0
1784937989 1 380 1.8
1784937994 1 380 0.8
1784937999 1 380 0.4
1784938005 1 380 0.1
1784938010 1 380 0.0
1784938015 1 380 0.0
1784938020 1 380 1.5
1784938025 1 380 1.7
1784938030 1 380 1.0
1784938036 1 380 0.0
1784938041 1 380 0.0
1784938046 1 380 0.0
1784938051 1 380 0.8
1784938056 1 380 1.1
1784938061 1 380 1.1
1784938067 1 380 0.7
1784938072 1 380 0.1
1784938077 1 380 0.0
1784938082 1 380 0.9
1784938087 1 380 0.9
1784938092 1 380 0.9
1784938098 1 380 0.5
1784938103 1 380 0.2
1784938108 1 380 0.1
1784938113 1 380 0.9
1784938118 1 380 0.4
1784938123 1 380 0.8
1784938129 1 380 0.6
1784938134 1 380 0.2
1784938139 1 380 0.1
1784938144 1 380 0.8
1784938149 1 380 0.7
1784938154 1 380 0.4
1784938160 1 380 0.3
1784938165 1 380 1.1
1784938170 1 380 0.4
1784938175 1 380 0.2
1784938180 1 380 1.0
1784938185 1 380 0.5
1784938191 1 380 0.1
1784938196 1 380 0.1
1784938201 1 380 0.8
1784938206 1 380 0.4
1784938211 1 380 1.0
1784938216 1 380 0.5
1784938222 1 380 0.2
1784938227 1 380 0.0
1784938232 1 380 0.1
1784938237 1 380 0.8
1784938242 1 380 1.9
1784938247 1 380 0.5

== unique remote peers (ip; reverse-dns best effort) ==

== summary ==
samples:59 avg_procs:0 avg_rss_mb:380 max_rss_mb:380 avg_cpu:0.6 max_cpu:1.9
avg_procs:1.0
finished: 2026-07-25T00:10:52Z
