label: screenpipe
pattern: bench/stock/screenpipe.app|/screenpipe.app/Contents/MacOS
duration_s: 300
started: 2026-07-24T23:48:59Z
host: MacBookPro16,1 / macOS 26.5.2

== initial process list ==
58521 /Users/macbookpro/bench/stock/screenpipe.app/Contents/MacOS/screenpipe-app

== samples (every 5s): epoch procs rss_mb cpu_pct ==
1784936940 1 290 4.6
1784936945 1 290 5.0
1784936950 1 290 5.4
1784936955 1 290 4.7
1784936960 1 290 5.0
1784936965 1 290 5.8
1784936971 1 290 5.1
1784936976 1 290 4.9
1784936981 1 290 4.4
1784936986 1 290 4.5
1784936991 1 290 4.8
1784936996 1 290 4.8
1784937001 1 290 5.6
1784937007 1 290 5.2
1784937012 1 290 5.1
1784937017 1 290 5.2
1784937022 1 290 4.6
1784937027 1 290 4.5
1784937032 1 290 6.1
1784937037 1 290 5.9
1784937043 1 290 5.6
1784937048 1 290 4.7
1784937053 1 290 4.6
1784937058 1 290 4.7
1784937063 1 290 4.9
1784937068 1 290 7.4
1784937074 1 290 5.1
1784937079 1 290 4.8
1784937084 1 290 4.7
1784937089 1 290 4.4
1784937094 1 290 4.5
1784937099 1 290 6.8
1784937104 1 290 6.6
1784937110 1 290 5.4
1784937115 1 290 5.1
1784937120 1 290 4.8
1784937125 1 290 4.6
1784937130 1 290 4.8
1784937135 1 290 6.2
1784937141 1 290 6.1
1784937146 1 290 8.3
1784937151 1 290 5.4
1784937156 1 290 5.3
1784937161 1 290 5.5
1784937166 1 290 5.2
1784937171 1 290 6.7
1784937177 1 290 5.5
1784937182 1 290 4.8
1784937187 1 290 5.1
1784937192 1 290 5.0
1784937197 1 290 4.8
1784937202 1 290 4.7
1784937207 1 290 6.9
1784937213 1 290 6.3
1784937218 1 290 5.7
1784937223 1 290 5.5
1784937228 1 290 5.1
1784937233 1 290 5.2
1784937238 1 290 6.3

== unique non-loopback endpoints observed (lower bound) ==
screenpip 192.168.1.39:53798->216.150.1.1:443
screenpip [2a01:cb1c:69b:b400:e5b5:a5f1:1ac7:f1a4]:53799->[2600:1f18:4c12:9a00:765:f2ec:cafa:4832]:443
screenpip [2a01:cb1c:69b:b400:e5b5:a5f1:1ac7:f1a4]:53800->[2600:1f18:4c12:9a00:765:f2ec:cafa:4832]:443
screenpip [2a01:cb1c:69b:b400:e5b5:a5f1:1ac7:f1a4]:53801->[2600:1f18:4c12:9a02:536:6617:f306:d4dc]:443

== summary ==
samples: 60
avg_rss_mb: 285
max_rss_mb: 290
avg_cpu_pct: 5.2
max_cpu_pct: 8.3
finished: 2026-07-24T23:54:03Z
